z1_0: -0.18885
z2_0: 0.00000
dz1_0: 0.00000
dz2_0: 0.00000
PHIP0: -0.18885
PHIPF: 0.18959
Torso0: -0.06827
dTorso0: -0.33189
z0: 1.31294