Torso0: -0.131522

VHIP0: 0.000000
PHIP0: -0.178938
PHIPF: 0.154585

TMAX: 0.745944 
TAUMAX:  1 

q0: [0.379248,  -0.539187,  -0.185286,  0.431325]

a: [[0.379345, 0.313415, 0.118225, 0.073638, 0.255851, 0.431740],
[-0.539091, -0.426529, -0.288740, -0.035930, -0.174718, -0.186854],
[-0.185383, -0.213625, -0.329285, -0.655771, -0.701126, -0.539612],
[0.431226, 0.635242, 1.070610, 0.922833, 0.556910, 0.378362]]

tau_time_coeff: [0.57456723, 1.21046117, -1.81297771, 1.77645014, 0.00120474] 

tau_v1: 0.99999962 
T_v1: 0.74594419 

dtau_time_coeff: [25.93522371, -34.97035686, 21.12874630, -6.57677866, 1.89914812] 

dtau_tau_coeff: [1.11254705, -1.32343683, 4.11218670, -3.51281068, 1.89481912] 

# Gains:
P: -400
D: -4
