g=9.81; 

lf = 0.4064; 
lT = 0.4999; 
lt = 1.373-lT-lf; %3Mpaper TABLE I height
pMT = 0.28507; 
pMf =0.1494; pMt = 0.171885;
MT = 13; Mf = 3.4261; Mt = 0.85216;
IT = 0.1940; If = 0.0389; It = 0.019286025;
ng = 91.4286;
Ia = 0.000051;